10 10 4 4
F 3 5 0
F 3 3 6
W 9 4 1
W 9 3 0
W 12 4 9
W 9 1 4
W 9 4 7
W 9 8 0
A 4 1 1
A 4 7 6
A 4 0 3
A 4 0 5
A 4 5 1
S 4 9 0
S 7 6 9
S 4 4 6
H 6 0 9
A 4 0 0
A 4 5 3
S 4 8 1
S 4 8 4
A 7 6 7
T 2 9 4
T 2 2 5
T 2 9 9
T 2 5 2
T 2 6 2
O 0 8 3
D 0 8 7
O 99 7 2
B 0 5 8
D 0 7 8
D 0 9 8
D 0 9 7
O 99 7 4
D 0 9 6
O 99 7 1
B 0 5 7
D 0 7 9
D 0 8 9
D 0 8 6
D 0 8 8
O 99 8 2
O 99 7 3
O 99 6 0
D 0 5 9
D 0 9 5
D 0 8 5
D 0 7 5
D 0 7 7
O 99 9 3
O 99 6 1
O 99 9 2
O 99 6 3
O 99 7 0
D 0 4 8
D 0 6 5
D 0 6 8
D 0 6 6
